time,x,y,z,phi,theta,psi,x_velocity,y_velocity,z_velocity,phi_velocity,theta_velocity,psi_velocity,rotor_speed1,rotor_speed2,rotor_speed3,rotor_speed4
0.06,1.00603908364e-07,3.41235118738e-07,10.006774224,0.000274221053048,6.28302308707,0.0,1.23690503952e-05,2.94675205574e-05,0.225789352741,0.0124250363894,-0.00874934383674,0.0,475.4463424670161,474.77570677569065,474.69188578032964,475.64415708784634
0.12000000000000001,5.8890080681e-06,1.06710563466e-05,10.0233161876,0.000603724651353,6.28279014273,0.0,0.00021774708808,0.000375757698821,0.32558556665,-0.0143497967195,0.00440906415659,0.0,436.4035424851076,437.5003801603622,437.9691999042966,435.73694493186883
0.18,2.49668679843e-05,4.09536261566e-05,10.0425761925,6.2829494011,6.28306155232,0.0,0.000395177951976,0.000560678079545,0.316417311818,-0.0132913072618,0.00475138504403,0.0,401.00015807048675,401.031167397561,400.7093464330885,400.80563022916806
0.23999999999999996,4.96029114759e-05,6.64267933726e-05,10.0653461797,6.28221742836,0.000636824450273,0.0,0.000367019082724,0.000207564666521,0.442541172788,-0.0101008815209,0.0250817051599,0.0,444.46762217402625,446.1303382373749,445.04265696103556,445.30379489483255
0.3,5.09853154225e-05,5.49513291192e-05,10.0963362748,6.28129050287,0.00248739221478,0.0,-0.00050604528787,-0.000670319256007,0.590396376195,-0.0291760008912,0.0404061847172,0.0,451.4464005760657,452.68133193948466,452.8183685263051,451.28157447527536
0.36000000000000004,-4.48773515452e-05,-3.39665271958e-05,10.1360062261,6.27935314084,0.00570787851266,0.0,-0.00300332801397,-0.00249190222877,0.731853350247,-0.0393829363703,0.0719254796656,0.0,449.1511698738649,451.7015107280997,450.4766566667264,449.6502630575447
0.4200000000000001,-0.000349684873026,-0.000265269307205,10.181421946,6.27703015084,0.00981332424173,0.0,-0.0075561689768,-0.00543969582548,0.781966814516,-0.0374161975046,0.0602988556711,0.0,421.69827527789306,420.6966754828811,421.40704267266113,421.5761624497809
0.48000000000000015,-0.00103483179157,-0.000736735539577,10.2327494469,6.2746510214,0.0137879748492,0.0,-0.0156967686279,-0.0105265194013,0.928835246036,-0.0445465118221,0.0760596409815,0.0,452.4558847370882,453.7259299979634,451.56936318172467,450.9931076603267
0.5400000000000001,-0.00232699911297,-0.00158380102188,10.2947508509,6.27241082768,0.0185082025632,0.0,-0.0279216040671,-0.0179939555282,1.13768244406,-0.0258368250823,0.0834357437047,0.0,470.80213360053165,471.376960851927,470.37260481954087,471.8184712743709
0.6000000000000002,-0.00441297218713,-0.00289676676079,10.3664837553,6.27121895197,0.0231953607325,0.0,-0.0421172051381,-0.0259109739388,1.25328223074,-0.0100088143152,0.0645086416566,0.0,444.53524358091767,442.9865138578589,441.9553939569076,443.25789830970064
0.6600000000000003,-0.00738026923193,-0.00467328569236,10.442432685,6.27108803789,0.0268697705202,0.0,-0.0571359122592,-0.0333360981591,1.27831160736,0.0101021724836,0.0537401348943,0.0,414.88237006680356,413.93885976065604,412.9236543889394,414.69384754361516
0.7200000000000003,-0.0114694335754,-0.00696065124741,10.525491226,6.27217966695,0.0307871936653,0.0,-0.0795938078074,-0.0428014792424,1.49004289334,0.0308047196989,0.081814215882,0.0,472.0617925293485,474.22564155399135,471.52241469796223,473.1188232064906
0.7800000000000004,-0.0169582632027,-0.00976848194627,10.6197254417,6.2741490264,0.0357452405998,0.0,-0.103908030139,-0.0505782888197,1.65086228265,0.0365798398666,0.0842244721321,0.0,458.14138488942365,458.3382923803546,457.70735727112356,458.16707759406773
0.8400000000000004,-0.0238628812019,-0.0129599207064,10.7193662164,6.27701441959,0.0411931637067,0.0,-0.126720378108,-0.0555691856476,1.67045087584,0.0638891684603,0.101462695742,0.0,412.6836107792813,414.20974064653194,412.3803571203173,414.7869371542108
0.9000000000000005,-0.0323317602882,-0.0164058666722,10.8223763263,6.28073390749,0.0470412019502,0.0,-0.156173688982,-0.0589136365222,1.76305451084,0.057898866432,0.0879653188109,0.0,438.3282642992059,437.2134470598482,437.5028164389116,437.00663872074557
0.9600000000000005,-0.0426908290608,-0.0199774204964,10.9310715564,0.00151016650107,0.0521586581474,0.0,-0.18965006777,-0.0597569115253,1.85993868153,0.0786763184092,0.0793237027815,0.0,439.57969871667314,438.8691085992385,438.3811793206194,440.1073284871882
1.0200000000000005,-0.0550791536948,-0.0235177064232,11.0440149924,0.00620874441425,0.0568610716947,0.0,-0.223734831954,-0.057811183159,1.90474011759,0.0775664443415,0.076403389959,0.0,422.5322295935778,422.28565818102885,423.23966723428384,423.1493684265555
1.0800000000000005,-0.0699559871313,-0.02680891093,11.1657775476,0.0108178619394,0.0611266857783,0.0,-0.272687765755,-0.0513248178902,2.15353443553,0.0752803287819,0.0575039984431,0.0,486.19970695541207,484.785091103969,485.8452131482071,485.6779128762568
1.1400000000000006,-0.0874836561572,-0.0296685484399,11.2961773531,0.015750366488,0.0645082855699,0.0,-0.311882568321,-0.0435556181917,2.19302004563,0.093339219803,0.0539688203345,0.0,422.2855641217883,421.9828641394799,421.7659430814533,423.32844605649683
1.2000000000000006,-0.107578774487,-0.0319266783013,11.4312784909,0.0210749269758,0.0674628883278,0.0,-0.358267545206,-0.0311467338669,2.31008321955,0.077454106674,0.0375496311478,0.0,447.834386630361,446.4983635667101,448.41252764747804,447.12669823818953
1.2600000000000007,-0.13024868101,-0.033417259972,11.5694621365,0.0260692431648,0.0693519376605,0.0,-0.39758039407,-0.0181270212118,2.29603873126,0.0928306253477,0.0151894141064,0.0,406.2394339771372,404.229933545936,404.31598421899974,405.7052176849123
1.3200000000000007,-0.155616324903,-0.0339171209563,11.7112490413,0.0311413837031,0.0702728874541,0.0,-0.448089905376,0.00203752101977,2.42988434947,0.057641702605,0.0156667492109,0.0,453.6670038297991,453.7052222563163,454.2103092731329,451.38480287601277
1.3800000000000008,-0.183569411706,-0.0333159618752,11.8544558256,0.0343162434515,0.0716362563222,0.0,-0.483784407834,0.0182554595499,2.34383564312,0.0412151713118,0.0340250342339,0.0,379.54525020434977,381.30323814224795,380.80851992751536,379.23626413955134
1.4400000000000008,-0.214349687806,-0.0313782942524,12.001648616,0.0365133627017,0.0741672983436,0.0,-0.542472696875,0.0465979228424,2.56208249324,0.0253234087498,0.0548754741401,0.0,478.14154090081024,479.72810211299935,479.4193008901724,478.2108441927758
1.5000000000000009,-0.248453111315,-0.0278210725753,12.158390287,0.0383637895583,0.0773570482127,0.0,-0.594626128579,0.07214025338,2.66236470539,0.0400624565105,0.0494968278482,0.0,445.00601570848045,444.56737433450104,443.0408330298221,444.25131907242456
1.560000000000001,-0.285966407644,-0.0225834273262,12.3238911711,0.0407981167636,0.0803306418324,0.0,-0.656129203648,0.102707837965,2.85381486529,0.0415721870902,0.0496856849878,0.0,472.5568924525844,472.57282340840334,472.61560812765777,472.732701836843
1.620000000000001,-0.32742001162,-0.0153623388456,12.5030742575,0.0440436673801,0.083608910846,0.0,-0.726004079501,0.138336303308,3.11819669267,0.0716080263623,0.0630502460918,0.0,494.4701167640201,495.455302023972,493.4761981922074,495.68983706009976
1.680000000000001,-0.37254894196,-0.00623480253657,12.6909446365,0.0484912190584,0.0874814469268,0.0,-0.778641784129,0.166307638765,3.14400842993,0.0787354835169,0.0673694523987,0.0,424.2712797564755,424.6452298237146,422.39834771017325,423.01715704011843
1.740000000000001,-0.420748787333,0.00456444906025,12.8785346602,0.0535411001824,0.09120715101,0.0,-0.82835587224,0.194071852635,3.10901758977,0.0932589542466,0.0486236479445,0.0,403.7610075392595,402.0692815713852,403.0076764044753,404.3248224215114
1.8000000000000012,-0.472178482918,0.017226720911,13.0660422559,0.0596110184735,0.0939855086107,0.0,-0.886229482375,0.228535454579,3.14106675648,0.113539618239,0.0412147385307,0.0,426.2378572562938,425.60555596682684,425.05141219360746,426.7950926315181
1.8600000000000012,-0.52736588501,0.0322234776735,13.2579142945,0.0658428256372,0.0964580363098,0.0,-0.953586292124,0.272031881885,3.25424905511,0.0644763534314,0.04119690868,0.0,452.3853219309332,452.384751269776,454.0668461192504,450.121660563529
1.9200000000000013,-0.587148212508,0.0502900043417,13.4616843815,0.069853881073,0.0985038195733,0.0,-1.03938496626,0.330632700005,3.53713926044,0.0712189885346,0.0135112648309,0.0,504.9462432876573,502.9453120938109,501.81732584968745,502.3093007974031
1.9800000000000013,-0.651346236341,0.0714226041782,13.6745500103,0.0744620306731,0.0990909979938,0.0,-1.10061952619,0.374181555871,3.55824679619,0.0861146485919,0.00104029064333,0.0,425.7022782506806,424.63364105355146,425.52110126062576,426.79928350124266
2.0400000000000014,-0.71942588359,0.0954032548718,13.8906401283,0.0794442029709,0.0990282203448,0.0,-1.16868920884,0.425656512241,3.64440573352,0.0760373874307,-0.00558568417316,0.0,447.17025567656884,446.6301677357951,447.39099022870084,446.57523933664817
2.1000000000000014,-0.791574900244,0.122557990371,14.1117336391,0.0837687104976,0.0984147672371,0.0,-1.23622281284,0.479917388661,3.72504393006,0.0626653667491,-0.0216524049497,0.0,446.16058426102944,444.84690814623775,446.9235613760611,445.83620598442985
2.1600000000000015,-0.868085656214,0.153327397167,14.3409122882,0.0875319309535,0.0968521547346,0.0,-1.31392807001,0.546103315317,3.91354187577,0.0628300132297,-0.0367151325686,0.0,480.4152822068371,479.2716394538599,479.0602863170266,479.07533945456544
2.2200000000000015,-0.948823150555,0.187791311731,14.5772798672,0.0910546861132,0.0945119265317,0.0,-1.377110288,0.603020531191,3.96515013004,0.0488539477221,-0.044025204446,0.0,438.92001877016446,438.3120809847621,439.7486089728657,438.5916835431019
2.2800000000000016,-1.03384483916,0.226252869095,14.8223831219,0.0940465145599,0.0921961087614,0.0,-1.45658417003,0.679308760629,4.20404158058,0.0518100304772,-0.0295008542402,0.0,496.0305832474287,497.0955148928466,495.0152059650711,495.2339793836576
2.3400000000000016,-1.12299641037,0.268761243867,15.075442252,0.096968493108,0.0906387089991,0.0,-1.51499716692,0.737895649279,4.23110888791,0.041615023462,-0.0196739438395,0.0,432.83961190054134,433.66575367700204,434.0845163609112,433.22956321617977
2.4000000000000017,-1.21583914353,0.31505906597,15.332406377,0.0994168713804,0.0893502766106,0.0,-1.57962130453,0.805570029431,4.3339086539,0.0391381868851,-0.025340995582,0.0,457.9196115523876,457.468548964183,457.9315301575834,457.7352623774137
2.4600000000000017,-1.3124820053,0.365405300907,15.5949248367,0.101366262022,0.0877602911337,0.0,-1.64164859047,0.87281352194,4.41633058513,0.0138794975725,-0.0289239227737,0.0,453.3709965106681,453.0828624314843,452.56024152141725,450.5227066139288
2.520000000000002,-1.41287185828,0.419878725228,15.8629818264,0.101933949324,0.0858680276236,0.0,-1.70448535032,0.942986522254,4.51845904278,-0.00129323658074,-0.0373569060748,0.0,459.96497709798433,459.29624238344695,459.47363643656155,458.26893811819156
2.580000000000002,-1.5168652277,0.478414074054,16.1356385399,0.102914318604,0.0833248153968,0.0,-1.76174736436,1.00821240211,4.56986547005,0.0384451149255,-0.0550529345292,0.0,444.90036350334464,443.44786621722994,442.8305711554002,446.0878317434737
2.640000000000002,-1.62424014186,0.540876513831,16.4112811915,0.105050057332,0.0798751212467,0.0,-1.81711478379,1.07404666245,4.61799525652,0.0291832173774,-0.0628882429572,0.0,443.90149523135494,443.255668591471,444.3646364226744,443.60519795843953
2.700000000000002,-1.73477638075,0.607191543045,16.6885411579,0.106627554059,0.0768936917585,0.0,-1.86716829573,1.13658536856,4.62395781162,0.0197710387005,-0.0315085538784,0.0,429.0217422903629,431.676271908744,431.339537920724,430.54399617789323
2.760000000000002,-1.84833187632,0.677362062394,16.9668888118,0.108596873631,0.0755703449867,0.0,-1.91789175931,1.20255280002,4.6541248916,0.0508638849805,-0.00782596183345,0.0,437.62912934676837,439.59612130197416,437.35502131381133,439.937814289458
2.820000000000002,-1.96544082022,0.752285179493,17.2539305554,0.111984053809,0.0747602045707,0.0,-1.98560524131,1.29514791432,4.91271387949,0.0657745783123,-0.0283728377437,0.0,507.69978162463724,506.22338577877264,506.9766593068788,508.0486825547375
2.880000000000002,-2.08618291819,0.832234203216,17.5510199177,0.116521629609,0.0729214409067,0.0,-2.03896230048,1.37018530275,4.98982798894,0.0903056371436,-0.0356306041612,0.0,457.7522377290639,457.1739423700537,454.4126815037358,456.37935253151085
2.940000000000002,-2.2101355624,0.916843545853,17.8532766667,0.122166493286,0.0707760387668,0.0,-2.09257630801,1.45061743721,5.08485005786,0.100722513578,-0.0360100424297,0.0,462.41019974341907,462.3797938882136,462.915897357027,463.74204809684494
3.000000000000002,-2.33736761884,1.00656685729,18.1626124797,0.127730493313,0.0690395608868,0.0,-2.14826968673,1.5406935694,5.22554829612,0.0676622380821,-0.0176231681277,0.0,477.44185612013365,478.84260426057995,478.57890711748854,476.06174289135674
3.0600000000000023,-2.46734564615,1.10074868686,18.4721981769,0.131556013906,0.0677348915842,0.0,-2.18432666482,1.59902365352,5.09450800248,0.0545154147669,-0.0316182773584,0.0,391.96220866879935,390.65901498011834,390.9279489539711,389.7042648111581
3.1200000000000023,-2.59981465324,1.19914050304,18.7789090133,0.134650487059,0.0660587277126,0.0,-2.23116538778,1.68094734351,5.12893670258,0.0449293812903,-0.0214365954851,0.0,444.6944795941548,445.52764225956264,446.60618350379696,445.82518032136403
3.1800000000000024,-2.7353205833,1.30300412627,19.0913944979,0.13706541674,0.0656787404536,0.0,-2.2855978563,1.78132032517,5.28638550226,0.0286938496401,0.0136280367452,0.0,483.1694879263199,485.80628294497046,483.5343779156977,482.3102270331744
3.2400000000000024,-2.87374396466,1.41219930618,19.4080011557,0.138548645855,0.0666079026418,0.0,-2.32861972315,1.85862618578,5.26715844914,0.0152741203464,0.01896455594,0.0,431.0219508335579,431.4727141446526,430.73522137699206,429.59872453102787
3.3000000000000025,-3.01505785044,1.52664304843,19.7276874904,0.14078840906,0.0676657828525,0.0,-2.38194271931,1.95622107385,5.38832967505,0.0626948830274,0.0148220569689,0.0,473.8257601278271,473.50704236210225,473.97941543655094,477.6109476878303
3.3600000000000025,-3.15943097735,1.64664347511,20.0521827231,0.144308547913,0.068730871481,0.0,-2.43059743179,2.04405965096,5.4278201337,0.0490752281122,0.0230463271957,0.0,451.2488060697008,451.91226689583067,451.4102549656793,450.3119746639288
3.4200000000000026,-3.30685670131,1.77219121128,20.3805451118,0.147046332507,0.0699128650499,0.0,-2.48371580506,2.14103321427,5.51697751767,0.0376540813024,0.0119886373761,0.0,468.1624709689748,467.3010962389351,467.35536323797066,466.4652535507285
3.4800000000000026,-3.45717384015,1.90292412042,20.70967691,0.149113642862,0.0707569950059,0.0,-2.52696776566,2.21689362559,5.45427696872,0.027137133479,0.0179344814636,0.0,419.8480793806331,420.3636516845842,420.24915275470454,419.33692316969706
3.5400000000000027,-3.61024978775,2.0385290648,21.0370204334,0.150671787356,0.0718816939528,0.0,-2.57568722063,2.30334891753,5.45702914515,0.0235245306404,0.0203185053931,0.0,440.9694080826449,441.16628794760425,441.3636929089929,441.06551165257997
3.6000000000000028,-3.76649598387,2.17979432962,21.3675167348,0.152124727779,0.0725186998593,0.0,-2.63262548574,2.4054950861,5.55884740134,0.0255631672415,-0.0293233898262,0.0,473.7153566887512,469.8819032646007,472.7230681741655,472.8801991330459
3.660000000000003,-3.92570293726,2.32623375763,21.6977633775,0.154097226352,0.0706389704184,0.0,-2.67423098284,2.47597603898,5.44986248843,0.0445059034246,-0.0356750832315,0.0,405.8121188915121,405.2409791756384,404.26002168383087,405.96423268467777
3.720000000000003,-4.0878068903,2.4778390851,22.0273404867,0.157022370195,0.0680839993925,0.0,-2.72902095462,2.57768877054,5.53548771056,0.0561189489269,-0.0623008235705,0.0,468.33199603988635,466.2549844801731,467.7352519593642,468.64026973742176
3.780000000000003,-4.2528799018,2.63496716981,22.3580699169,0.160119667877,0.0645883691985,0.0,-2.77319503702,2.66015877896,5.48898452529,0.0406320161082,-0.0512083942709,0.0,426.6199463196435,427.56367909177715,427.2473910143953,425.9264384408529
3.840000000000003,-4.42056481273,2.79709219618,22.6860682922,0.163101391343,0.062035168577,0.0,-2.81614479492,2.74420592645,5.44443530441,0.0634703981315,-0.0292615032207,0.0,426.05870754553683,427.9301950007748,426.31467543909446,428.2636662451898
3.900000000000003,-4.59108773733,2.96505966837,23.0159721375,0.166638566674,0.0611431921713,0.0,-2.86783223009,2.85492809012,5.55163462294,0.0479027339352,0.00445144380819,0.0,473.39613376151186,475.9836725071143,475.6044593713404,474.41254884217847
3.960000000000003,-4.76466840402,3.13961689573,23.3516272905,0.169620184321,0.0621808492324,0.0,-2.91826609029,2.96377946637,5.63623139587,0.053053173647,0.0351340947847,0.0,469.3126087800157,471.68851010638474,468.31745963298323,468.71937851659953
4.020000000000002,-4.94098481525,3.31987658285,23.6872402291,0.172789837981,0.064159518914,0.0,-2.95915382121,3.04510350148,5.55112279113,0.0523726489355,0.0282740513695,0.0,416.5035022675664,415.9034497182812,416.3225175048202,416.26498332615165
4.080000000000001,-5.11988487017,3.50530291181,24.0191788398,0.17572921582,0.0656731032557,0.0,-3.00435462012,3.13596497832,5.5134966225,0.0411826752941,0.0183035529329,0.0,432.0892977424574,431.24786149573396,432.1368543736561,431.19389601253965
4.14,-5.3017709633,3.69685600896,24.3524584292,0.178382166538,0.0674711189511,0.0,-3.05866635115,3.24921381778,5.59517376713,0.0496789619498,0.0466125412654,0.0,468.16375503446653,470.36189902680854,469.371521731612,470.0315481285207
4.199999999999998,-5.48678902647,3.89478348821,24.6880773019,0.18173626027,0.0705565737192,0.0,-3.1088814136,3.34853978871,5.59188625445,0.0660963315748,0.0596319832612,0.0,443.46935480690803,444.53939797170176,443.93079894013783,445.2782506816467
4.259999999999997,-5.67487454865,4.09869451771,25.0233610205,0.185252622088,0.0743356313694,0.0,-3.16097345876,3.44871486952,5.58398554352,0.0361706381818,0.0689608001269,0.0,443.513204178147,444.28177009222935,444.0765644601675,441.61665932319437
4.319999999999996,-5.86586741186,4.30793731407,25.3543351958,0.187433585888,0.0787174401376,0.0,-3.20581538209,3.52620273967,5.44897770278,0.0367044550013,0.0801258502765,0.0,399.72859138444824,400.74976563832365,401.2606494861772,401.30987206670835
4.379999999999995,-6.06006874135,4.52289341527,25.6827365532,0.189879838734,0.0842642732957,0.0,-3.26804852598,3.63903035522,5.49715925136,0.0478639788886,0.109758540339,0.0,459.7502307704278,462.0991090394675,460.0096478355755,460.8934653271771
4.439999999999993,-6.25788847237,4.74413420626,26.0113417547,0.193033967306,0.0905718398977,0.0,-3.32649064242,3.73580317671,5.4562159169,0.0606194564928,0.093728989961,0.0,433.5426578040552,432.20327581128254,433.33981922660377,434.4128229820267
4.499999999999992,-6.45968456679,4.97197597766,26.3413479772,0.196478561971,0.0957519555129,0.0,-3.40056025647,3.85902952085,5.54311535741,0.0500654904815,0.0643848629603,0.0,475.65182928486615,473.4041228058372,474.17587540519605,473.36627111736135
4.559999999999991,-6.66603492987,5.20726414577,26.6765747104,0.199102911658,0.09986091911,0.0,-3.47816037618,3.98394026312,5.63026576907,0.0264391774558,0.0756223108142,0.0,475.7423766457664,476.6053742649771,476.6216700107428,474.81304150629717
4.6199999999999894,-6.87689614562,5.44960036567,27.014677144,0.200347456085,0.104098276898,0.0,-3.55095625396,4.09388195192,5.63945216368,0.00580022436123,0.0580587807917,0.0,454.26177765050426,452.8544730900523,454.2596957869395,452.6012358560536
4.679999999999988,-7.09210753503,5.69833535431,27.3523795703,0.200792925347,0.107358382905,0.0,-3.62309077538,4.19717095228,5.61717355379,0.0104898350972,0.0455967604828,0.0,444.9410752279471,443.921333627321,443.5701201149558,443.95505765276846
4.739999999999987,-7.31122932334,5.95235927452,27.6843620307,0.202107318877,0.11039920117,0.0,-3.6812982802,4.27038540503,5.44963172883,0.0382954396459,0.0592831378959,0.0,393.6274528722673,394.8943069164158,393.2682600125638,395.83626220843576
4.799999999999986,-7.53529315849,6.21329109939,28.0185533744,0.204872305762,0.113811669886,0.0,-3.78780168854,4.42719085783,5.68830985524,0.0583147552071,0.0515624787843,0.0,521.3980910245243,520.8600019348628,520.2839593268267,521.6848166950135
4.859999999999984,-7.76431433831,6.48096308357,28.354005921,0.208713794665,0.11678008347,0.0,-3.84658629531,4.49549173892,5.49424606765,0.0735147527966,0.0449307885509,0.0,387.79425586811385,387.1725269876658,386.1340205169328,387.5693452812115
4.919999999999983,-7.99802008772,6.75471541706,28.6870070174,0.21257767001,0.119489208203,0.0,-3.94384702269,4.62970854834,5.60470725386,0.0313861875737,0.0455908958842,0.0,486.2478412958509,486.2982854828318,487.9486150646861,484.79499400021444
4.979999999999982,-8.23780970253,7.03687103186,29.0280254797,0.214358440709,0.12299726152,0.0,-4.04941954611,4.77526963042,5.76125465441,0.0260274309357,0.0763357417282,0.0,500.70862282892534,502.94261419396565,502.12008452370804,501.73125297617287
5.0399999999999805,-8.48337939392,7.32664851214,29.3732794216,0.215774974358,0.127311576156,0.0,-4.13666012086,4.88390584971,5.74691255255,0.0182710592232,0.0611205296484,0.0,453.02686312646614,451.80528040094794,453.24655381813074,452.6226343132256
